220
15640
3510
0
980
6180
1600
0
0
4090
0
0
7920
110
0
2190
0
0
0
440
0
210
620
1920
0
1760
0
0
16560
21320
17570
570
12950
0
9900
11300
6820
0
7640
0
990
9570
1520
8120
530
11470
4560
8470
540
1970
10720
12140
2220
10300
8580
8560
7170
8650
7940
13350
1390
3040
0
0
670
0
26620
4530
24120
5460
550
440
29410
870
10920
5240
0
650
3240
0
2070
980
430
7630
0
210
1890
0
2960
0
0
48520
24420
16340
13100
1160
3090
8050
16730
4010
11450
1010
